0800
0819
0909
0928
0933
0959
0964
0973
0992
0996
1004
1007
1014
1024
1039
1048
1052
1053
1054
1061
1062
1070

-----

1600
1601
1602
1608
1613
1614
1615
1616
1618
1623
1633
1637
1684
1693
1707
1714
1715
1717
1732
1737
1765
1790
1800
1802
1804
1829
1832
1841
1850
1854
1852
1890
1878

----

1881
1900
1908
1911
1918
1926
1949
1953
1956
1968
1969
1972
1977
1973
1988
1989
1998
1997
2010
2018
2045
2058
2062
2063
2067
2069
2096
2097
2101
2109
2134
2138
2172
2189
2192
2198
2218
2220
2236
2262
2264
2273
2283
2288
2292
2307
2319
2323
2325
2328
2348
2354
2368
2371
2377
2391
2392
2402
2428
2440